1
-0.102437
 0.407306
  1.62859
0.99944847 -0.03316773 -0.00162778
0.03320691 0.99789727 0.05566279
-0.00022185 -0.05568615 0.99844830
0.04005166
2
-0.0991547
  0.507754
   1.63059
0.99922509 -0.03924857 -0.00296132
0.03932140 0.99874940 0.03087829
0.00174569 -0.03097080 0.99951877
0.03752954
3
-0.10344
0.559861
 1.63015
0.99917003 -0.04070696 -0.00148461
0.04072144 0.99910349 0.01157500
0.00101210 -0.01162584 0.99993191
0.04858634
4
-0.0917415
  0.583639
   1.63234
0.99906690 -0.04256026 -0.00734487
0.04258498 0.99908758 0.00324317
0.00720014 -0.00355293 0.99996777
0.05681245
5
-0.0834178
   0.57308
   1.63286
0.99911940 -0.04047939 -0.01103837
0.04063742 0.99906890 0.01448921
0.01044158 -0.01492502 0.99983409
0.03164107
6
-0.0862331
  0.576971
   1.63452
0.99907578 -0.04240098 -0.00705354
0.04248246 0.99902713 0.01183336
0.00654493 -0.01212208 0.99990511
0.03039635
7
-0.0848711
  0.569621
   1.63447
0.99926202 -0.03770378 -0.00733697
0.03783960 0.99909651 0.01934773
0.00660086 -0.01961108 0.99978589
0.03072320
8
-0.0827488
  0.572958
   1.63423
0.99905046 -0.04259491 -0.00915658
0.04272080 0.99898864 0.01402273
0.00855002 -0.01440059 0.99985975
0.04363870
9
-0.0829232
  0.566627
   1.63437
0.99903212 -0.04325197 -0.00800616
0.04341611 0.99882333 0.02160996
0.00706206 -0.02193664 0.99973442
0.03468506
10
-0.0820329
  0.569666
   1.63426
0.99891491 -0.04577287 -0.00859364
0.04590167 0.99882661 0.01544123
0.00787677 -0.01581894 0.99984385
0.03386178
11
-0.077297
 0.558554
  1.63412
0.99908690 -0.04022571 -0.01439623
0.04064302 0.99872401 0.02997493
0.01317210 -0.03053267 0.99944697
0.06331513
12
-0.0778786
  0.557252
   1.63452
0.99914553 -0.03996546 -0.01053406
0.04023265 0.99883867 0.02650730
0.00946245 -0.02690847 0.99959312
0.03763520
13
-0.0754516
  0.557922
   1.63427
0.99902062 -0.04224912 -0.01314587
0.04252279 0.99886872 0.02128599
0.01223169 -0.02182415 0.99968700
0.03279403
14
-0.0788773
  0.535981
   1.63442
0.99921915 -0.03926741 -0.00437687
0.03945534 0.99753679 0.05799673
0.00208871 -0.05812413 0.99830718
0.15773091
15
-0.0764221
  0.542524
   1.63474
0.99919193 -0.03872203 -0.01077502
0.03902077 0.99881593 0.02905356
0.00963725 -0.02945053 0.99951978
0.04069342
16
-0.0765494
  0.539816
   1.63446
0.99929562 -0.03640781 -0.00909537
0.03667344 0.99884699 0.03097984
0.00795698 -0.03129158 0.99947863
0.05140889
17
-0.0736628
  0.542444
   1.63497
0.99913026 -0.03881291 -0.01524065
0.03913192 0.99900864 0.02122318
0.01440181 -0.02180112 0.99965859
0.04960749
18
-0.0721353
  0.545243
   1.63494
0.99904497 -0.04071553 -0.01585563
0.04096326 0.99903846 0.01562579
0.01520417 -0.01626037 0.99975219
0.05116292
19
-0.071639
 0.547137
  1.63479
0.99916528 -0.03848187 -0.01370733
0.03868035 0.99914611 0.01452153
0.01313681 -0.01503961 0.99980060
0.04155915
20
-0.0697956
  0.547382
   1.63463
0.99911235 -0.03889066 -0.01618759
0.03917248 0.99907969 0.01747249
0.01549318 -0.01809109 0.99971630
0.04358702
21
-0.0695798
  0.549077
   1.63454
0.99903174 -0.04173717 -0.01391379
0.04194298 0.99900974 0.01484363
0.01328048 -0.01541284 0.99979302
0.05406045
22
-0.0672037
  0.542552
   1.63474
0.99883201 -0.04460436 -0.01857576
0.04523508 0.99836151 0.03504387
0.01698222 -0.03584322 0.99921312
0.06988290
23
-0.0682849
  0.547154
   1.63518
0.99872711 -0.04887412 -0.01246910
0.04906688 0.99867285 0.01565169
0.01168758 -0.01624358 0.99979975
0.06077789
24
-0.0684205
  0.547367
   1.63497
0.99886098 -0.04640784 -0.01109295
0.04660138 0.99875360 0.01787641
0.01024952 -0.01837300 0.99977867
0.04950375
25
-0.0683364
  0.546868
   1.63515
0.99873356 -0.04898702 -0.01146987
0.04921693 0.99857352 0.02070303
0.01043933 -0.02124132 0.99971987
0.05358121
26
-0.0667306
  0.543988
   1.63512
0.99889074 -0.04407714 -0.01656803
0.04455284 0.99857042 0.02953221
0.01524265 -0.03023760 0.99942651
0.05534306
27
-0.066612
 0.542977
  1.63504
0.99918487 -0.03770772 -0.01441243
0.03811058 0.99885894 0.02878209
0.01331067 -0.02930790 0.99948180
0.05027039
28
-0.0661925
   0.54356
   1.63514
0.99921265 -0.03694921 -0.01445117
0.03727539 0.99904045 0.02299410
0.01358769 -0.02351467 0.99963115
0.03078285
29
-0.0660298
  0.543411
   1.63508
0.99933959 -0.03374015 -0.01349059
0.03404045 0.99916291 0.02268743
0.01271382 -0.02313167 0.99965158
0.03752276
30
-0.0649572
  0.542336
   1.63526
0.99902267 -0.04109235 -0.01628259
0.04151513 0.99878536 0.02653853
0.01517229 -0.02718857 0.99951517
0.03200789
31
-0.0654698
  0.535308
   1.63513
0.99921340 -0.03778074 -0.01204983
0.03834318 0.99798885 0.05047830
0.01011849 -0.05090062 0.99865246
0.12418255
32
-0.0653752
  0.530462
   1.63498
0.99930555 -0.03529296 -0.01195093
0.03590771 0.99779195 0.05587367
0.00995259 -0.05626400 0.99836632
0.13977786
33
-0.0643516
  0.527275
   1.63484
0.99914396 -0.03838516 -0.01542463
0.03915727 0.99780852 0.05333724
0.01334347 -0.05389557 0.99845742
0.12105124
34
-0.0632507
  0.526217
   1.63489
0.99900345 -0.04083588 -0.01801469
0.04159601 0.99816260 0.04405900
0.01618240 -0.04476443 0.99886650
0.08118790
35
-0.06419
0.521518
  1.6349
0.99919817 -0.03861139 -0.01059101
0.03914144 0.99769113 0.05550094
0.00842359 -0.05587098 0.99840246
0.11981799
36
-0.0644744
  0.521616
   1.63494
0.99914619 -0.04012027 -0.00986227
0.04049335 0.99833413 0.04110055
0.00819688 -0.04146481 0.99910634
0.06006552
37
-0.0641647
  0.522793
   1.63495
0.99912806 -0.03994161 -0.01215646
0.04028172 0.99876299 0.02915268
0.01097702 -0.02961694 0.99950105
0.02499698
38
-0.0643393
  0.526776
   1.63504
0.99912348 -0.04035659 -0.01111876
0.04046582 0.99913306 0.00978024
0.01071442 -0.01022159 0.99989035
0.07129644
39
-0.0641156
   0.52678
   1.63489
0.99914983 -0.03917615 -0.01283961
0.03939747 0.99907101 0.01746306
0.01214355 -0.01795406 0.99976507
0.04436542
40
-0.0635694
  0.525976
   1.63492
0.99911909 -0.03925660 -0.01483145
0.03962768 0.99888616 0.02561430
0.01380940 -0.02617947 0.99956187
0.03810141
41
-0.0632798
  0.526315
   1.63481
0.99922260 -0.03644745 -0.01502611
0.03679409 0.99904704 0.02347760
0.01415610 -0.02401222 0.99961143
0.02975144
42
-0.0632003
   0.52683
   1.63479
0.99919103 -0.03773311 -0.01391005
0.03804090 0.99902127 0.02256974
0.01304481 -0.02308063 0.99964850
0.03134014
43
-0.0628321
  0.529079
   1.63494
0.99909696 -0.03981224 -0.01484102
0.04000271 0.99911802 0.01276571
0.01431970 -0.01334786 0.99980837
0.06356277
44
-0.0634011
  0.526039
    1.6349
0.99910090 -0.04121160 -0.00994978
0.04153980 0.99850933 0.03540577
0.00847582 -0.03578725 0.99932349
0.06353329
45
-0.0637485
  0.526962
   1.63499
0.99919449 -0.03911788 -0.00895302
0.03933748 0.99889208 0.02582973
0.00793270 -0.02616111 0.99962626
0.02474923
46
-0.0642871
  0.527672
   1.63501
0.99908713 -0.04205295 -0.00751340
0.04220852 0.99886856 0.02190992
0.00658352 -0.02220705 0.99973172
0.04714141
47
-0.063318
 0.527532
  1.63508
0.99879751 -0.04662883 -0.01514249
0.04699447 0.99858819 0.02476174
0.01396650 -0.02544358 0.99957869
0.03573972
48
-0.0624547
   0.52777
   1.63516
0.99869331 -0.04754029 -0.01875081
0.04797944 0.99856686 0.02371062
0.01759673 -0.02457929 0.99954300
0.03721477
49
-0.0618875
  0.526776
   1.63513
0.99872041 -0.04686213 -0.01901297
0.04742788 0.99840938 0.03048443
0.01755416 -0.03134717 0.99935439
0.03861134
50
-0.0616886
  0.524191
   1.63503
0.99878918 -0.04637245 -0.01642458
0.04705996 0.99790964 0.04429114
0.01433636 -0.04501045 0.99888364
0.09477878
51
-0.0609506
  0.524785
   1.63501
0.99869662 -0.04732060 -0.01912634
0.04791034 0.99835004 0.03165113
0.01759703 -0.03252623 0.99931596
0.04176413
52
-0.0599909
  0.525624
   1.63507
0.99867237 -0.04666995 -0.02180417
0.04718504 0.99860406 0.02373820
0.02066587 -0.02473552 0.99948040
0.04947875
53
-0.0594518
  0.525665
   1.63508
0.99861062 -0.04837840 -0.02088921
0.04889453 0.99849234 0.02494752
0.01965080 -0.02593422 0.99947049
0.03900762
54
-0.0583933
  0.526087
   1.63527
0.99859960 -0.04727667 -0.02374364
0.04781963 0.99859470 0.02284547
0.02263022 -0.02394889 0.99945701
0.06218715
55
-0.0587114
  0.522406
   1.63522
0.99882200 -0.04582347 -0.01596296
0.04655513 0.99771529 0.04895738
0.01368309 -0.04964286 0.99867330
0.10525589
56
-0.0586869
  0.523146
   1.63522
0.99908318 -0.04020736 -0.01470252
0.04067132 0.99863568 0.03275090
0.01336563 -0.03331884 0.99935540
0.04800762
57
-0.0585343
  0.521293
   1.63528
0.99912147 -0.03910231 -0.01507612
0.03971547 0.99829486 0.04277921
0.01337765 -0.04334039 0.99897080
0.06658378
58
-0.0579045
  0.521051
   1.63533
0.99915107 -0.03692557 -0.01826564
0.03758047 0.99861155 0.03691454
0.01687719 -0.03756963 0.99915148
0.05289568
59
-0.0581498
  0.520453
   1.63527
0.99911940 -0.03959143 -0.01389072
0.04007525 0.99853060 0.03647773
0.01242611 -0.03700228 0.99923792
0.04311617
60
-0.0583723
  0.520282
   1.63521
0.99922273 -0.03767302 -0.01160545
0.03804259 0.99871555 0.03346658
0.01032976 -0.03388207 0.99937245
0.03746421
61
-0.057962
 0.521613
  1.63529
0.99920249 -0.03698253 -0.01505607
0.03728812 0.99909326 0.02054899
0.01428247 -0.02109401 0.99967547
0.03626348
62
-0.0591436
    0.5209
   1.63531
0.99897038 -0.04504907 -0.00536379
0.04518792 0.99854480 0.02943344
0.00403004 -0.02964552 0.99955235
0.07370205
63
-0.058612
 0.520943
  1.63522
0.99906468 -0.04110663 -0.01341667
0.04146131 0.99876640 0.02732468
0.01227690 -0.02785539 0.99953657
0.03117825
64
-0.0588567
  0.521475
   1.63521
0.99911580 -0.04047093 -0.01138959
0.04073023 0.99889288 0.02353859
0.01042436 -0.02398168 0.99965805
0.03102409
65
-0.0586953
  0.523199
   1.63521
0.99898182 -0.04304770 -0.01349895
0.04320600 0.99899810 0.01166349
0.01298334 -0.01223485 0.99984086
0.07838351
66
-0.0584672
  0.521366
   1.63512
0.99919337 -0.03738860 -0.01465281
0.03786923 0.99870327 0.03402506
0.01336166 -0.03455250 0.99931356
0.05786164
67
-0.0578953
  0.521165
   1.63514
0.99905425 -0.03946370 -0.01825463
0.04004050 0.99867288 0.03239204
0.01695210 -0.03309233 0.99930852
0.04919064
68
-0.0572253
  0.520763
   1.63519
0.99884060 -0.04325765 -0.02112397
0.04394638 0.99847849 0.03330792
0.01965100 -0.03419762 0.99922188
0.05259897
69
-0.0571926
  0.521318
   1.63513
0.99893819 -0.04260454 -0.01753136
0.04305089 0.99873651 0.02592314
0.01640476 -0.02665036 0.99951020
0.02847134
70
-0.0578933
  0.522545
   1.63511
0.99883752 -0.04715410 -0.01000507
0.04730978 0.99875307 0.01594015
0.00924095 -0.01639496 0.99982289
0.08575417
71
-0.0577976
  0.522883
   1.63502
0.99893817 -0.04430542 -0.01263160
0.04453340 0.99883886 0.01837706
0.01180273 -0.01892008 0.99975133
0.04935890
72
-0.0577824
  0.523062
   1.63505
0.99897299 -0.04341264 -0.01297307
0.04368192 0.99881949 0.02124901
0.01203528 -0.02179388 0.99969004
0.03577303
73
-0.0575011
   0.52223
   1.63502
0.99907587 -0.04015177 -0.01533788
0.04062081 0.99867475 0.03160225
0.01404867 -0.03219609 0.99938283
0.03433546
74
-0.0570119
  0.521972
   1.63501
0.99902102 -0.03993559 -0.01903006
0.04051960 0.99868647 0.03136060
0.01775266 -0.03210099 0.99932696
0.04645619
75
-0.0570068
  0.519828
    1.6349
0.99920714 -0.03629816 -0.01635636
0.03704913 0.99814915 0.04822482
0.01457562 -0.04879257 0.99870258
0.10174026
76
-0.057028
 0.519966
  1.63489
0.99916387 -0.03831539 -0.01426488
0.03881390 0.99858013 0.03648555
0.01284667 -0.03700872 0.99923236
0.06826567
77
-0.0569966
   0.51882
   1.63484
0.99933195 -0.03370336 -0.01413288
0.03427309 0.99852026 0.04222137
0.01268896 -0.04267754 0.99900832
0.07384705
78
-0.0568728
  0.518986
   1.63479
0.99930930 -0.03417338 -0.01459795
0.03464838 0.99883357 0.03363033
0.01343166 -0.03411289 0.99932772
0.05143415
79
-0.0569327
  0.519116
   1.63485
0.99922944 -0.03679227 -0.01366958
0.03718584 0.99886544 0.02974983
0.01255951 -0.03023522 0.99946390
0.02769771
80
-0.0569983
  0.518405
   1.63476
0.99910439 -0.04033236 -0.01279559
0.04076441 0.99853709 0.03552378
0.01134412 -0.03601357 0.99928691
0.05317389
81
-0.0567577
  0.519345
    1.6348
0.99879134 -0.04658250 -0.01568226
0.04693431 0.99863620 0.02286726
0.01459566 -0.02357566 0.99961550
0.04806749
82
-0.0569857
  0.516294
   1.63476
0.99886703 -0.04610829 -0.01177598
0.04669603 0.99734972 0.05579446
0.00917218 -0.05628113 0.99837283
0.12631336
83
-0.0567427
  0.516038
    1.6347
0.99885464 -0.04540782 -0.01508460
0.04604244 0.99793479 0.04479122
0.01301957 -0.04543445 0.99888248
0.07984202
84
-0.0565529
  0.516196
   1.63456
0.99887862 -0.04453876 -0.01605621
0.04508067 0.99836523 0.03513701
0.01446500 -0.03582143 0.99925352
0.05600615
85
-0.0564427
  0.515812
   1.63456
0.99900729 -0.04138426 -0.01648563
0.04194639 0.99849421 0.03535281
0.01499776 -0.03600923 0.99923891
0.04011818
86
-0.0559448
  0.515318
   1.63455
0.99884761 -0.04351678 -0.02024189
0.04425058 0.99832245 0.03733862
0.01858308 -0.03819130 0.99909764
0.05267198
87
-0.0558686
  0.515007
   1.63456
0.99902655 -0.04057500 -0.01730961
0.04118277 0.99849079 0.03633344
0.01580926 -0.03701093 0.99918980
0.04877987
88
-0.0558378
  0.515669
   1.63459
0.99906602 -0.04029301 -0.01560669
0.04068164 0.99884823 0.02544054
0.01456364 -0.02605169 0.99955451
0.03544534
89
-0.0560158
  0.514971
    1.6347
0.99914845 -0.03914096 -0.01305242
0.03957404 0.99861182 0.03476092
0.01167372 -0.03524786 0.99931042
0.03200288
90
-0.0556964
  0.514698
   1.63471
0.99912911 -0.03827838 -0.01660693
0.03883357 0.99864970 0.03450693
0.01526364 -0.03512179 0.99926647
0.04032380
91
-0.0561532
  0.514681
   1.63469
0.99921945 -0.03824029 -0.00990828
0.03853951 0.99874429 0.03200865
0.00867182 -0.03236552 0.99943848
0.03407113
92
-0.0565026
  0.514097
   1.63476
0.99942051 -0.03321870 -0.00742738
0.03347090 0.99875837 0.03689737
0.00619248 -0.03712459 0.99929146
0.05705320
93
-0.0562073
  0.514228
   1.63483
0.99931023 -0.03451116 -0.01371315
0.03492597 0.99890094 0.03125845
0.01261931 -0.03171584 0.99941726
0.03319297
94
-0.056495
 0.515016
  1.63478
0.99915350 -0.03981108 -0.01036196
0.04002323 0.99897505 0.02114221
0.00950964 -0.02153904 0.99972278
0.05767704
95
-0.0564077
  0.515034
    1.6348
0.99917426 -0.03857935 -0.01274471
0.03888782 0.99893294 0.02491412
0.01176994 -0.02538916 0.99960835
0.02998578
96
-0.0562338
  0.516003
   1.63482
0.99911878 -0.03917859 -0.01505632
0.03941374 0.99910039 0.01565172
0.01442956 -0.01623136 0.99976414
0.05988382
97
-0.0564831
  0.515894
   1.63474
0.99920730 -0.03820585 -0.01118454
0.03846063 0.99898311 0.02352692
0.01027430 -0.02393844 0.99966064
0.03676294
98
-0.0562977
  0.514588
   1.63476
0.99917986 -0.03792370 -0.01419172
0.03848615 0.99838798 0.04171644
0.01258680 -0.04222841 0.99902870
0.05738034
99
-0.056581
 0.514568
  1.63476
0.99929115 -0.03627480 -0.01006699
0.03661237 0.99869295 0.03566416
0.00876012 -0.03600746 0.99931313
0.03846632
100
-0.0563212
  0.514549
   1.63474
0.99921049 -0.03688638 -0.01475757
0.03735423 0.99876385 0.03279375
0.01352968 -0.03331912 0.99935318
0.03275726
