1
-0.116073
 0.346452
   1.6278
0.99873459 -0.04529795 0.02184740
0.04362652 0.99647069 0.07171394
-0.02501879 -0.07067007 0.99718594
0.05791651
2
-0.103192
 0.435649
   1.6307
0.99909785 -0.03814373 0.01866934
0.03719018 0.99810599 0.04900329
-0.02050315 -0.04826476 0.99862412
0.03540729
3
-0.0988984
  0.465381
   1.63167
0.99925655 -0.03459316 0.01701933
0.03393323 0.99871484 0.03764568
-0.01829974 -0.03704018 0.99914621
0.03602686
4
-0.0967516
  0.480247
   1.63215
0.99933016 -0.03282473 0.01617919
0.03229526 0.99896703 0.03196702
-0.01721179 -0.03142310 0.99935797
0.03951053
5
-0.0954635
  0.489167
   1.63244
0.99936553 -0.03194226 0.01575535
0.03147392 0.99908006 0.02912782
-0.01667126 -0.02861346 0.99945152
0.04095385
6
-0.093637
 0.493264
  1.63228
0.99939645 -0.03139913 0.01486034
0.03095838 0.99909946 0.02901445
-0.01575799 -0.02853689 0.99946852
0.04022789
7
-0.0923323
   0.49619
   1.63217
0.99941150 -0.03112759 0.01441281
0.03070056 0.99910906 0.02895794
-0.01530136 -0.02849842 0.99947672
0.03901168
8
-0.0913538
  0.498385
   1.63208
0.99941892 -0.03099182 0.01418904
0.03057164 0.99911383 0.02892973
-0.01507305 -0.02847914 0.99948074
0.03811577
9
-0.086488
 0.503271
  1.63163
0.99910698 -0.04118939 0.00941718
0.04092878 0.99881406 0.02636870
-0.01049212 -0.02595971 0.99960793
0.05190336
10
-0.0825954
  0.507181
   1.63126
0.99890318 -0.04629109 0.00704103
0.04610135 0.99862214 0.02506961
-0.00819183 -0.02471751 0.99966091
0.05451845
11
-0.0794105
  0.510379
   1.63096
0.99878932 -0.04884259 0.00585544
0.04868607 0.99851567 0.02441544
-0.00703927 -0.02410080 0.99968475
0.05487104
12
-0.0767565
  0.513045
   1.63071
0.99872941 -0.05011849 0.00526327
0.04997802 0.99845982 0.02408721
-0.00646238 -0.02379355 0.99969601
0.05401052
13
-0.0745107
    0.5153
    1.6305
0.99869871 -0.05075648 0.00496735
0.05062390 0.99843123 0.02392280
-0.00617379 -0.02364020 0.99970147
0.05267403
14
-0.0725858
  0.517233
   1.63032
0.99868317 -0.05107548 0.00481942
0.05094681 0.99841677 0.02384052
-0.00602946 -0.02356360 0.99970416
0.05123927
15
-0.07043
0.519017
 1.63012
0.99867164 -0.05138070 0.00386985
0.05127554 0.99840557 0.02360385
-0.00507647 -0.02337407 0.99971390
0.05171748
16
-0.0685437
  0.520577
   1.62994
0.99866550 -0.05153337 0.00339510
0.05143983 0.99839991 0.02348539
-0.00459995 -0.02327941 0.99971842
0.05124241
17
-0.0668793
  0.521954
   1.62978
0.99866234 -0.05160973 0.00315772
0.05152194 0.99839707 0.02342614
-0.00436168 -0.02323211 0.99972058
0.05037946
18
-0.0653998
  0.523177
   1.62964
0.99866073 -0.05164791 0.00303904
0.05156300 0.99839564 0.02339650
-0.00424254 -0.02320847 0.99972165
0.04940172
19
-0.0640761
  0.524272
   1.62951
0.99865992 -0.05166700 0.00297970
0.05158352 0.99839493 0.02338168
-0.00418298 -0.02319665 0.99972217
0.04843619
20
-0.0628848
  0.525258
    1.6294
0.99865952 -0.05167654 0.00295003
0.05159379 0.99839457 0.02337427
-0.00415319 -0.02319074 0.99972243
0.04753541
21
-0.0618069
  0.526149
   1.62929
0.99865931 -0.05168132 0.00293519
0.05159892 0.99839440 0.02337057
-0.00413830 -0.02318778 0.99972256
0.04671632
22
-0.060827
  0.52696
   1.6292
0.99865921 -0.05168370 0.00292777
0.05160148 0.99839431 0.02336871
-0.00413086 -0.02318630 0.99972263
0.04597986
23
-0.0605066
  0.527608
   1.62913
0.99866556 -0.05144755 0.00449952
0.05132759 0.99840255 0.02361816
-0.00570743 -0.02335570 0.99971093
0.04279287
24
-0.060213
 0.528202
  1.62906
0.99866778 -0.05132957 0.00528541
0.05119049 0.99840664 0.02374273
-0.00649569 -0.02344053 0.99970413
0.04141071
25
-0.0606149
  0.526179
   1.62901
0.99910984 -0.04149252 0.00760891
0.04123963 0.99867357 0.03082837
-0.00887796 -0.03048714 0.99949573
0.04501379
26
-0.060986
 0.524312
  1.62895
0.99929206 -0.03657862 0.00879677
0.03625635 0.99875159 0.03436187
-0.01004270 -0.03401861 0.99937074
0.05137779
27
-0.0613295
  0.522584
   1.62891
0.99937346 -0.03412291 0.00939721
0.03376284 0.99877673 0.03612623
-0.01061845 -0.03578632 0.99930305
0.05517256
28
-0.0616485
  0.520978
   1.62886
0.99941174 -0.03289538 0.00969906
0.03251562 0.99878584 0.03700780
-0.01090467 -0.03667066 0.99926791
0.05671729
29
-0.0619455
  0.519484
   1.62882
0.99943027 -0.03228169 0.00985039
0.03189190 0.99878953 0.03744844
-0.01104737 -0.03711296 0.99925001
0.05701167
30
-0.0622227
  0.518089
   1.62878
0.99943938 -0.03197487 0.00992616
0.03158001 0.99879115 0.03766872
-0.01111861 -0.03733413 0.99924098
0.05669088
31
-0.0626341
  0.517023
   1.62878
0.99944139 -0.03172025 0.01052329
0.03131225 0.99882823 0.03690124
-0.01168148 -0.03655112 0.99926351
0.05386570
32
-0.0630198
  0.516024
   1.62878
0.99944224 -0.03159276 0.01082178
0.03117853 0.99884652 0.03651744
-0.01196299 -0.03615966 0.99927442
0.05239323
33
-0.0633822
  0.515085
   1.62878
0.99944263 -0.03152897 0.01097101
0.03111171 0.99885560 0.03632552
-0.01210376 -0.03596394 0.99927979
0.05139367
34
-0.0637232
  0.514202
   1.62878
0.99944281 -0.03149707 0.01104562
0.03107831 0.99886013 0.03622955
-0.01217415 -0.03586609 0.99928245
0.05063152
35
-0.0640448
  0.513369
   1.62878
0.99944290 -0.03148111 0.01108292
0.03106161 0.99886239 0.03618157
-0.01220935 -0.03581716 0.99928377
0.05000150
36
-0.0643485
  0.512582
   1.62878
0.99944294 -0.03147314 0.01110157
0.03105326 0.99886352 0.03615758
-0.01222695 -0.03579269 0.99928444
0.04945336
37
-0.0646357
  0.511838
   1.62877
0.99944297 -0.03146915 0.01111090
0.03104909 0.99886408 0.03614558
-0.01223575 -0.03578046 0.99928477
0.04896162
38
-0.0649079
  0.511133
   1.62877
0.99944298 -0.03146715 0.01111556
0.03104700 0.99886436 0.03613958
-0.01224015 -0.03577435 0.99928493
0.04851255
39
-0.0651661
  0.510464
   1.62877
0.99944298 -0.03146615 0.01111789
0.03104596 0.99886450 0.03613658
-0.01224235 -0.03577129 0.99928501
0.04809815
40
-0.0653688
   0.50994
   1.62878
0.99944075 -0.03160060 0.01093554
0.03119321 0.99887887 0.03560886
-0.01204855 -0.03524783 0.99930597
0.04644193
41
-0.0665025
  0.508956
   1.62892
0.99914766 -0.03851753 0.01484463
0.03794075 0.99858162 0.03735296
-0.01626232 -0.03675790 0.99919187
0.07860248
42
-0.0675822
  0.508018
   1.62904
0.99897739 -0.04197754 0.01679454
0.04131110 0.99841449 0.03823486
-0.01837291 -0.03750196 0.99912764
0.08227267
43
-0.0686117
  0.507124
   1.62917
0.99888633 -0.04370791 0.01776831
0.04299539 0.99832629 0.03867826
-0.01942912 -0.03787123 0.99909373
0.08395315
44
-0.0695943
   0.50627
   1.62928
0.99883932 -0.04457318 0.01825490
0.04383731 0.99828104 0.03890058
-0.01995745 -0.03805518 0.99907633
0.08444218
45
-0.0705334
  0.505455
   1.62939
0.99881545 -0.04500583 0.01849813
0.04425822 0.99825812 0.03901189
-0.02022167 -0.03814698 0.99906751
0.08431309
46
-0.0714315
  0.504675
    1.6295
0.99880341 -0.04522217 0.01861972
0.04446866 0.99824659 0.03906758
-0.02035379 -0.03819284 0.99906308
0.08388743
47
-0.0722915
  0.503928
    1.6296
0.99879738 -0.04533034 0.01868051
0.04457387 0.99824081 0.03909544
-0.02041986 -0.03821576 0.99906085
0.08333195
48
-0.0731018
  0.503108
   1.62971
0.99879444 -0.04541960 0.01862086
0.04465308 0.99821349 0.03969806
-0.02039066 -0.03881872 0.99903820
0.08358402
49
-0.0738791
  0.502322
   1.62982
0.99879296 -0.04546422 0.01859101
0.04469269 0.99819969 0.03999936
-0.02037608 -0.03912020 0.99902674
0.08336602
50
-0.0746252
  0.501567
   1.62992
0.99879222 -0.04548653 0.01857608
0.04471250 0.99819275 0.04015001
-0.02036879 -0.03927094 0.99902097
0.08294104
51
-0.0753421
  0.500842
   1.63002
0.99879185 -0.04549768 0.01856861
0.04472240 0.99818928 0.04022534
-0.02036515 -0.03934630 0.99901808
0.08242573
52
-0.0760314
  0.500145
   1.63012
0.99879167 -0.04550326 0.01856488
0.04472735 0.99818753 0.04026300
-0.02036333 -0.03938399 0.99901663
0.08187984
53
-0.0766947
  0.499474
   1.63021
0.99879158 -0.04550605 0.01856301
0.04472983 0.99818666 0.04028183
-0.02036242 -0.03940283 0.99901591
0.08133269
54
-0.0773335
  0.498828
    1.6303
0.99879153 -0.04550744 0.01856208
0.04473107 0.99818623 0.04029124
-0.02036196 -0.03941225 0.99901555
0.08079808
55
-0.077949
 0.498205
  1.63038
0.99879151 -0.04550814 0.01856161
0.04473169 0.99818601 0.04029595
-0.02036173 -0.03941696 0.99901537
0.08028206
56
-0.0784953
   0.49736
   1.63047
0.99880258 -0.04539010 0.01825228
0.04459222 0.99812318 0.04197213
-0.02012315 -0.04110796 0.99895205
0.08215128
57
-0.0780369
  0.496872
   1.63057
0.99905558 -0.04171161 0.01216953
0.04117227 0.99828427 0.04163371
-0.01388526 -0.04109334 0.99905883
0.03519404
58
-0.0775943
    0.4964
   1.63066
0.99916310 -0.03987222 0.00912750
0.03946131 0.99836008 0.04147231
-0.01076613 -0.04107742 0.99909796
0.03631669
59
-0.0771668
  0.495944
   1.63075
0.99921211 -0.03895249 0.00760635
0.03860561 0.99839680 0.04139357
-0.00920654 -0.04106730 0.99911397
0.03820519
60
-0.0767535
  0.495503
   1.63084
0.99923543 -0.03849262 0.00684574
0.03817769 0.99841487 0.04135468
-0.00842673 -0.04106171 0.99912108
0.03922163
61
-0.0763537
  0.495077
   1.63093
0.99924680 -0.03826269 0.00646542
0.03796372 0.99842383 0.04133536
-0.00803683 -0.04105878 0.99912441
0.03955211
62
-0.0759669
  0.494665
   1.63101
0.99925241 -0.03814772 0.00627526
0.03785673 0.99842829 0.04132573
-0.00784188 -0.04105728 0.99912602
0.03949276
63
-0.0755923
  0.494266
   1.63109
0.99925519 -0.03809024 0.00618018
0.03780324 0.99843052 0.04132093
-0.00774441 -0.04105652 0.99912681
0.03923433
64
-0.0752294
  0.493879
   1.63117
0.99925658 -0.03806149 0.00613264
0.03777649 0.99843163 0.04131852
-0.00769567 -0.04105614 0.99912720
0.03888156
65
-0.074955
 0.493542
  1.63127
0.99924751 -0.03820087 0.00671622
0.03789420 0.99843915 0.04102803
-0.00827305 -0.04074265 0.99913542
0.03611889
66
-0.0746889
  0.493214
   1.63137
0.99924284 -0.03827049 0.00700803
0.03795312 0.99844287 0.04088281
-0.00856172 -0.04058588 0.99913937
0.03470751
67
-0.0744308
  0.492897
   1.63146
0.99924047 -0.03830528 0.00715394
0.03798260 0.99844472 0.04081020
-0.00870606 -0.04050748 0.99914131
0.03384390
68
-0.0741802
  0.492589
   1.63155
0.99923928 -0.03832267 0.00722689
0.03799734 0.99844564 0.04077390
-0.00877822 -0.04046828 0.99914226
0.03325260
69
-0.0739369
   0.49229
   1.63164
0.99923869 -0.03833137 0.00726337
0.03800471 0.99844610 0.04075575
-0.00881431 -0.04044868 0.99914274
0.03280060
70
-0.0737006
     0.492
   1.63173
0.99923839 -0.03833571 0.00728161
0.03800840 0.99844633 0.04074668
-0.00883235 -0.04043888 0.99914298
0.03242269
71
-0.0734709
  0.491717
   1.63181
0.99923824 -0.03833789 0.00729073
0.03801024 0.99844644 0.04074214
-0.00884137 -0.04043398 0.99914309
0.03208648
72
-0.0732476
  0.491443
   1.63189
0.99923816 -0.03833897 0.00729529
0.03801116 0.99844650 0.04073987
-0.00884588 -0.04043153 0.99914315
0.03177573
73
-0.0733775
  0.490336
   1.63196
0.99923127 -0.03786039 0.01017147
0.03732847 0.99814027 0.04819330
-0.01197717 -0.04777657 0.99878624
0.06031435
74
-0.0735039
  0.489259
   1.63202
0.99922432 -0.03762902 0.01161085
0.03697837 0.99796648 0.05191830
-0.01354088 -0.05144868 0.99858384
0.07234117
75
-0.0736269
  0.488211
   1.63209
0.99921997 -0.03751532 0.01233085
0.03680113 0.99787442 0.05378035
-0.01432223 -0.05328461 0.99847665
0.07835035
76
-0.0737467
   0.48719
   1.63215
0.99921758 -0.03745897 0.01269093
0.03671196 0.99782709 0.05471126
-0.01471278 -0.05420254 0.99842156
0.08097837
77
-0.0738633
  0.486196
   1.63221
0.99921632 -0.03743092 0.01287099
0.03666724 0.99780311 0.05517668
-0.01490803 -0.05466150 0.99839365
0.08186361
78
-0.073977
 0.485227
  1.63227
0.99921569 -0.03741692 0.01296102
0.03664485 0.99779104 0.05540939
-0.01500564 -0.05489097 0.99837959
0.08187694
79
-0.0740878
  0.484283
   1.63233
0.99921536 -0.03740993 0.01300604
0.03663364 0.99778498 0.05552574
-0.01505445 -0.05500571 0.99837254
0.08146358
80
-0.0742395
  0.483377
   1.63239
0.99921117 -0.03737273 0.01342784
0.03657435 0.99779096 0.05545733
-0.01547077 -0.05492247 0.99837076
0.08027944
81
-0.0743875
  0.482495
   1.63246
0.99920901 -0.03735412 0.01363874
0.03654472 0.99779395 0.05542311
-0.01567893 -0.05488085 0.99836980
0.07945836
82
-0.0745319
  0.481633
   1.63252
0.99920792 -0.03734481 0.01374419
0.03652990 0.99779544 0.05540600
-0.01578301 -0.05486004 0.99836931
0.07866705
83
-0.0746728
  0.480793
   1.63259
0.99920736 -0.03734015 0.01379691
0.03652250 0.99779619 0.05539745
-0.01583505 -0.05484964 0.99836905
0.07789791
84
-0.0748104
  0.479972
   1.63265
0.99920709 -0.03733782 0.01382327
0.03651879 0.99779656 0.05539317
-0.01586108 -0.05484444 0.99836893
0.07714882
85
-0.0749447
  0.479171
   1.63271
0.99920695 -0.03733666 0.01383645
0.03651694 0.99779675 0.05539103
-0.01587409 -0.05484184 0.99836886
0.07641888
86
-0.0750759
  0.478389
   1.63277
0.99920688 -0.03733608 0.01384305
0.03651602 0.99779684 0.05538996
-0.01588059 -0.05484054 0.99836883
0.07570746
87
-0.0752041
  0.477624
   1.63282
0.99920684 -0.03733579 0.01384634
0.03651555 0.99779689 0.05538942
-0.01588384 -0.05483989 0.99836881
0.07501395
88
-0.0753293
  0.476877
   1.63288
0.99920683 -0.03733564 0.01384799
0.03651532 0.99779691 0.05538916
-0.01588547 -0.05483956 0.99836881
0.07433777
89
-0.0754518
  0.476146
   1.63293
0.99920682 -0.03733557 0.01384881
0.03651521 0.99779692 0.05538902
-0.01588628 -0.05483940 0.99836880
0.07367833
90
-0.0755715
  0.475432
   1.63299
0.99920681 -0.03733553 0.01384922
0.03651515 0.99779693 0.05538896
-0.01588669 -0.05483932 0.99836880
0.07303508
91
-0.0756886
  0.474734
   1.63304
0.99920681 -0.03733551 0.01384943
0.03651512 0.99779693 0.05538892
-0.01588689 -0.05483928 0.99836880
0.07240748
92
-0.0758032
   0.47405
   1.63309
0.99920681 -0.03733551 0.01384953
0.03651511 0.99779693 0.05538891
-0.01588699 -0.05483926 0.99836880
0.07179501
93
-0.0759152
  0.473382
   1.63314
0.99920681 -0.03733550 0.01384958
0.03651510 0.99779693 0.05538890
-0.01588704 -0.05483925 0.99836880
0.07119716
94
-0.0760249
  0.472728
   1.63319
0.99920681 -0.03733550 0.01384961
0.03651509 0.99779693 0.05538889
-0.01588707 -0.05483924 0.99836880
0.07061348
95
-0.0761323
  0.472087
   1.63324
0.99920681 -0.03733550 0.01384962
0.03651509 0.99779693 0.05538889
-0.01588708 -0.05483924 0.99836880
0.07004349
96
-0.0762375
   0.47146
   1.63328
0.99920681 -0.03733550 0.01384963
0.03651509 0.99779693 0.05538889
-0.01588709 -0.05483924 0.99836880
0.06948676
97
-0.0763405
  0.470845
   1.63333
0.99920681 -0.03733550 0.01384963
0.03651509 0.99779693 0.05538889
-0.01588709 -0.05483924 0.99836880
0.06894287
98
-0.0764414
  0.470244
   1.63338
0.99920681 -0.03733550 0.01384963
0.03651509 0.99779693 0.05538889
-0.01588709 -0.05483924 0.99836880
0.06841142
99
-0.0765402
  0.469654
   1.63342
0.99920681 -0.03733550 0.01384963
0.03651509 0.99779693 0.05538889
-0.01588709 -0.05483924 0.99836880
0.06789201
100
-0.0766371
  0.469076
   1.63346
0.99920681 -0.03733550 0.01384964
0.03651509 0.99779693 0.05538889
-0.01588710 -0.05483924 0.99836880
0.06738429
