1
0.118865
0.505551
-2.05268
0.99956952 0.01246739 0.02655827
-0.01301863 0.99970128 0.02068514
-0.02629245 -0.02102199 0.99943323
0.02595091
2
0.113396
0.491563
-2.05408
0.99957092 0.01070010 0.02726685
-0.01131835 0.99968003 0.02262169
-0.02701607 -0.02292060 0.99937219
0.02485848
3
0.0922246
 0.470208
  -2.0542
0.99943289 0.01059771 0.03196237
-0.01147193 0.99956163 0.02729357
-0.03165911 -0.02764476 0.99911634
0.03604339
4
0.0906115
 0.439711
 -2.05499
0.99941519 0.01243833 0.03185217
-0.01357338 0.99927143 0.03567030
-0.03138528 -0.03608178 0.99885588
0.04498713
5
0.0960857
 0.447703
 -2.05618
0.99952226 0.00993499 0.02926700
-0.01081294 0.99949158 0.02999421
-0.02895412 -0.03029634 0.99912151
0.03186141
6
0.126821
0.385257
-2.05708
0.99983800 0.00989187 0.01503734
-0.01075376 0.99823765 0.05836050
-0.01443355 -0.05851275 0.99818231
0.15843365
7
 0.12016
0.372025
-2.05619
0.99968788 0.00859100 0.02345917
-0.00987646 0.99842420 0.05524112
-0.02294763 -0.05545557 0.99819742
0.10619019
8
 0.11701
0.361742
-2.05713
0.99956964 0.01091087 0.02723020
-0.01237406 0.99845575 0.05415720
-0.02659725 -0.05447084 0.99816107
0.08556067
9
 0.11456
0.353744
-2.05786
0.99950318 0.01207218 0.02911464
-0.01362134 0.99846895 0.05361169
-0.02842285 -0.05398164 0.99813733
0.07522633
10
0.125916
 0.36755
-2.05796
0.99973217 0.01239380 0.01954433
-0.01313033 0.99919079 0.03801798
-0.01905733 -0.03826442 0.99908591
0.06447868
11
0.123773
0.360317
-2.05771
0.99960383 0.01418528 0.02430982
-0.01528567 0.99883854 0.04569368
-0.02363341 -0.04604717 0.99865966
0.03604664
12
0.121988
 0.35429
 -2.0575
0.99953000 0.01506706 0.02669750
-0.01637648 0.99863853 0.04952666
-0.02591493 -0.04994059 0.99841592
0.04911455
13
0.124026
0.360319
-2.05746
0.99959506 0.01426284 0.02462293
-0.01526013 0.99905074 0.04080126
-0.02401761 -0.04116048 0.99886384
0.03260409
14
0.125594
0.372902
-2.05733
0.99961116 0.01447239 0.02383442
-0.01514651 0.99948329 0.02835023
-0.02341181 -0.02870021 0.99931386
0.08650865
15
0.126952
0.383808
-2.05723
0.99961904 0.01457347 0.02343920
-0.01509254 0.99964133 0.02212291
-0.02310838 -0.02246824 0.99948046
0.11543785
16
0.118733
0.386405
-2.05651
0.99932798 0.01277420 0.03435711
-0.01371798 0.99953108 0.02737569
-0.03399130 -0.02782860 0.99903461
0.09672370
17
0.121005
0.386735
-2.05671
0.99951834 0.01424541 0.02757083
-0.01515193 0.99934198 0.03295476
-0.02708323 -0.03335664 0.99907649
0.06456379
18
0.123024
0.387029
-2.05688
0.99959515 0.01499507 0.02418029
-0.01585441 0.99923508 0.03574755
-0.02362575 -0.03611644 0.99906828
0.05442918
19
0.119907
0.393106
-2.05677
0.99946697 0.01372737 0.02961992
-0.01457395 0.99948591 0.02855728
-0.02921267 -0.02897374 0.99915321
0.07228716
20
0.117986
0.398818
-2.05661
0.99943481 0.01292925 0.03103048
-0.01369562 0.99960324 0.02461303
-0.03069994 -0.02502410 0.99921535
0.09145032
21
0.116675
0.395072
-2.05658
0.99947591 0.01043768 0.03064250
-0.01155048 0.99927179 0.03636591
-0.03024061 -0.03670079 0.99886864
0.03477423
22
0.116273
0.396088
-2.05753
0.99945604 0.01374918 0.02997653
-0.01481236 0.99925853 0.03553845
-0.02946568 -0.03596314 0.99891863
0.08067892
23
0.115906
0.397017
 -2.0584
0.99944185 0.01540468 0.02964251
-0.01644348 0.99924762 0.03512553
-0.02907911 -0.03559335 0.99894320
0.08034642
24
0.115927
0.383807
-2.05828
0.99950214 0.01433874 0.02810463
-0.01600089 0.99807985 0.05983796
-0.02719267 -0.06025787 0.99781238
0.14611903
25
0.115947
0.371655
-2.05818
0.99953104 0.01382009 0.02732589
-0.01576212 0.99726698 0.07218114
-0.02625366 -0.07257800 0.99701714
0.21338258
26
0.114924
0.380072
-2.05753
0.99951339 0.01078672 0.02926819
-0.01195327 0.99912900 0.03997957
-0.02881145 -0.04030997 0.99877175
0.04206415
27
0.114415
0.382363
-2.05732
0.99948998 0.01242340 0.02941843
-0.01344752 0.99930124 0.03487395
-0.02896462 -0.03525176 0.99895864
0.04769648
28
0.113941
 0.38449
-2.05713
0.99947735 0.01324202 0.02949041
-0.01419433 0.99937675 0.03232071
-0.02904404 -0.03272241 0.99904239
0.05691296
29
0.115853
0.388259
-2.05726
0.99962493 0.01247351 0.02438040
-0.01314520 0.99953296 0.02758724
-0.02402491 -0.02789738 0.99932204
0.09532864
30
0.117637
0.391777
-2.05739
0.99968879 0.01208000 0.02182654
-0.01262955 0.99960219 0.02521827
-0.02151322 -0.02548608 0.99944367
0.10884559
31
0.118969
0.375995
 -2.0576
0.99976612 0.00819649 0.02001300
-0.00955695 0.99758070 0.06885791
-0.01940019 -0.06903307 0.99742572
0.20940782
32
0.115464
 0.38089
-2.05746
0.99945883 0.00869249 0.03172517
-0.01004246 0.99903986 0.04264397
-0.03132402 -0.04293949 0.99858650
0.05149859
33
0.112172
0.385487
-2.05733
0.99925283 0.00905526 0.03757380
-0.01016774 0.99951238 0.02952323
-0.03728814 -0.02988321 0.99885764
0.09549308
34
0.112182
0.380738
-2.05715
0.99943579 0.00827757 0.03255138
-0.00977464 0.99888881 0.04610421
-0.03213358 -0.04639637 0.99840613
0.06251539
35
0.112191
 0.37626
-2.05698
0.99951747 0.00791990 0.03003518
-0.00954602 0.99847417 0.05438944
-0.02955859 -0.05464991 0.99806797
0.10157046
36
0.112866
0.376368
-2.05685
0.99956569 0.01208844 0.02687583
-0.01333414 0.99882161 0.04666465
-0.02628006 -0.04700275 0.99854900
0.05805439
37
0.113697
0.382197
 -2.0568
0.99964711 0.00943627 0.02483158
-0.01010617 0.99958456 0.02699208
-0.02456656 -0.02723351 0.99932718
0.08847977
38
0.114484
0.387719
-2.05676
0.99968327 0.00809510 0.02382910
-0.00850496 0.99981677 0.01714893
-0.02368591 -0.01734616 0.99956895
0.14498902
39
0.115648
0.386677
-2.05691
0.99968368 0.01140807 0.02241404
-0.01209701 0.99945095 0.03084573
-0.02204984 -0.03110712 0.99927281
0.06781280
40
0.116754
0.385688
-2.05705
0.99967856 0.01307173 0.02172354
-0.01388449 0.99919287 0.03769399
-0.02121328 -0.03798350 0.99905318
0.04752174
41
0.114363
0.384289
 -2.0569
0.99943610 0.01092577 0.03175077
-0.01227500 0.99901616 0.04261506
-0.03125393 -0.04298077 0.99858692
0.04279806
42
0.112118
0.382771
-2.05677
0.99928041 0.00973024 0.03666051
-0.01140142 0.99889218 0.04565535
-0.03617566 -0.04604048 0.99828433
0.07553406
43
0.113755
0.385668
-2.05672
0.99960119 0.00947614 0.02660205
-0.01034974 0.99940518 0.03289648
-0.02627450 -0.03315868 0.99910468
0.05046043
44
0.111541
0.387708
-2.05652
0.99937199 0.00911947 0.03424121
-0.01010731 0.99953444 0.02878795
-0.03396274 -0.02911596 0.99899890
0.08688626
45
0.109425
0.389658
-2.05633
0.99923533 0.00895273 0.03806059
-0.00997424 0.99959281 0.02673423
-0.03780575 -0.02709341 0.99891775
0.10800475
46
0.109976
0.391619
-2.05652
0.99944570 0.01110483 0.03138444
-0.01191733 0.99959554 0.02582127
-0.03108501 -0.02618098 0.99917380
0.08910119
47
0.110503
0.393497
-2.05669
0.99953247 0.01217856 0.02804509
-0.01289115 0.99959502 0.02536966
-0.02772476 -0.02571933 0.99928467
0.08775381
48
0.111298
0.395323
-2.05678
0.99959168 0.01309349 0.02539747
-0.01372588 0.99959604 0.02488697
-0.02506135 -0.02522541 0.99936760
0.08823408
49
0.110521
0.397691
-2.05669
0.99946727 0.01340105 0.02975881
-0.01406507 0.99965422 0.02221723
-0.02945079 -0.02262396 0.99931017
0.10225502
50
0.109774
0.399964
 -2.0566
0.99939785 0.01355908 0.03193896
-0.01423026 0.99968067 0.02088175
-0.03164563 -0.02132368 0.99927166
0.11028104
51
0.110951
0.403247
-2.05667
0.99961890 0.01043514 0.02555712
-0.01084619 0.99981319 0.01599814
-0.02538540 -0.01626924 0.99954534
0.13611238
52
0.112083
0.406404
-2.05673
0.99971046 0.00886105 0.02237155
-0.00916561 0.99986621 0.01354810
-0.02224851 -0.01374922 0.99965792
0.15228859
53
 0.11238
0.407849
-2.05681
0.99965226 0.01082556 0.02404491
-0.01127728 0.99976096 0.01873101
-0.02383638 -0.01899566 0.99953539
0.11887578
54
0.112716
0.409706
-2.05691
0.99962779 0.01164745 0.02467035
-0.01212768 0.99973812 0.01940660
-0.02443785 -0.01969857 0.99950726
0.11197639
55
 0.11106
0.407666
 -2.0568
0.99942459 0.00941030 0.03258722
-0.01057007 0.99931013 0.03560239
-0.03222971 -0.03592635 0.99883459
0.05691722
56
0.112098
0.410754
-2.05697
0.99958529 0.01262145 0.02588335
-0.01319680 0.99966690 0.02217955
-0.02559479 -0.02251193 0.99941889
0.09659821
57
0.113099
0.413733
-2.05713
0.99964575 0.01419314 0.02251495
-0.01454347 0.99977451 0.01547318
-0.02229026 -0.01579514 0.99962676
0.13661659
58
0.111936
0.413477
 -2.0572
0.99945978 0.01304041 0.03016784
-0.01383411 0.99955963 0.02625198
-0.02981222 -0.02665514 0.99920005
0.06390892
59
0.111346
0.417707
-2.05699
0.99945322 0.01010680 0.03148191
-0.01047503 0.99987839 0.01155364
-0.03136131 -0.01187709 0.99943754
0.15526072
60
0.110776
0.421795
-2.05678
0.99944548 0.00864733 0.03215506
-0.00878700 0.99995255 0.00420500
-0.03211717 -0.00448522 0.99947405
0.19865491
61
0.109982
0.422441
-2.05682
0.99942166 0.00609742 0.03345400
-0.00662708 0.99985408 0.01574460
-0.03335312 -0.01595719 0.99931623
0.12452983
62
0.109305
0.422774
-2.05685
0.99942099 0.00482597 0.03368088
-0.00559887 0.99972229 0.02289103
-0.03356105 -0.02306635 0.99917046
0.08291329
63
0.109095
0.424403
 -2.0569
0.99945263 0.00894371 0.03185037
-0.00958994 0.99975007 0.02019470
-0.03166180 -0.02048909 0.99928861
0.09322438
64
0.108167
0.422505
-2.05674
0.99935413 0.01053791 0.03435506
-0.01176204 0.99929596 0.03562642
-0.03395545 -0.03600750 0.99877449
0.05687995
65
0.107267
0.420665
 -2.0566
0.99930141 0.01132036 0.03561649
-0.01286129 0.99897771 0.04333725
-0.03508948 -0.04376505 0.99842543
0.08954508
66
0.107068
0.420949
-2.05664
0.99938764 0.01101272 0.03321248
-0.01224120 0.99923973 0.03701505
-0.03277960 -0.03739894 0.99876264
0.04714928
67
0.106928
0.421266
 -2.0567
0.99943738 0.01085128 0.03173598
-0.01191845 0.99936318 0.03363304
-0.03135081 -0.03399236 0.99893025
0.03487909
68
0.107584
0.423002
-2.05675
0.99959416 0.00968533 0.02678997
-0.01034217 0.99964660 0.02448925
-0.02654331 -0.02475638 0.99934107
0.06371388
69
0.107934
0.424717
 -2.0568
0.99962433 0.00924118 0.02580295
-0.00975237 0.99975726 0.01975629
-0.02561412 -0.02000051 0.99947181
0.09155779
70
0.107756
0.423197
 -2.0568
0.99954162 0.01179079 0.02788424
-0.01274143 0.99933502 0.03416395
-0.02746288 -0.03450357 0.99902717
0.03214224
71
0.107981
 0.42097
-2.05673
0.99960196 0.00962635 0.02651879
-0.01082831 0.99890288 0.04556067
-0.02605111 -0.04582969 0.99860952
0.08875358
72
0.108247
0.419077
-2.05668
0.99963755 0.00842835 0.02556825
-0.00969349 0.99871380 0.04976731
-0.02511591 -0.04999712 0.99843351
0.11334560
73
0.109746
0.423183
 -2.0566
0.99974739 0.01225284 0.01884230
-0.01261201 0.99973874 0.01906275
-0.01860381 -0.01929557 0.99964073
0.12341853
74
0.111271
0.426892
-2.05653
0.99978621 0.01415130 0.01507543
-0.01423285 0.99988458 0.00531580
-0.01499846 -0.00552923 0.99987223
0.20584766
75
 0.11191
0.427261
 -2.0565
0.99970042 0.01658281 0.01800206
-0.01688444 0.99971739 0.01673476
-0.01771947 -0.01703371 0.99969789
0.12703507
76
0.112509
0.428642
 -2.0565
0.99970220 0.01487823 0.01934296
-0.01520127 0.99974562 0.01666201
-0.01909013 -0.01695109 0.99967406
0.11826996
77
0.113092
0.429988
 -2.0565
0.99970132 0.01402597 0.02001343
-0.01435963 0.99975865 0.01662648
-0.01977540 -0.01690890 0.99966145
0.11503632
78
0.113668
0.432779
-2.05636
0.99971021 0.01297447 0.02027718
-0.01312959 0.99988541 0.00753564
-0.02017709 -0.00779968 0.99976600
0.16582696
79
0.114216
0.435679
 -2.0562
0.99971308 0.01241466 0.02048521
-0.01245656 0.99992057 0.00191924
-0.02045976 -0.00217387 0.99978831
0.19771487
80
0.114757
0.437135
 -2.0563
0.99972274 0.01094189 0.02084973
-0.01110908 0.99990693 0.00792012
-0.02076113 -0.00814955 0.99975125
0.16339969
81
0.115291
0.438346
 -2.0564
0.99972773 0.01018672 0.02099255
-0.01044430 0.99987107 0.01219682
-0.02086559 -0.01241275 0.99970523
0.13526196
82
0.113091
0.436297
-2.05655
0.99927400 0.00696625 0.03745592
-0.00826101 0.99936971 0.03452458
-0.03719181 -0.03480894 0.99870171
0.08778311
83
0.114008
0.438765
-2.05648
0.99957609 0.01066632 0.02709021
-0.01114026 0.99978647 0.01740445
-0.02689878 -0.01769887 0.99948147
0.09500529
84
0.114781
0.441198
-2.05641
0.99966505 0.01250811 0.02265704
-0.01270812 0.99988135 0.00870562
-0.02254547 -0.00899064 0.99970539
0.15156179
85
  0.1146
 0.44061
-2.05641
0.99957629 0.01246583 0.02630309
-0.01308313 0.99963990 0.02342856
-0.02600156 -0.02376276 0.99937943
0.05625168
86
0.113349
0.439317
-2.05637
0.99936307 0.00876162 0.03459326
-0.00999021 0.99931961 0.03550357
-0.03425865 -0.03582655 0.99877065
0.06997960
87
0.112244
0.438045
-2.05633
0.99925616 0.00679524 0.03795976
-0.00837497 0.99909870 0.04161312
-0.03764278 -0.04190008 0.99841244
0.10615888
88
 0.11243
0.437996
-2.05647
0.99945834 0.00835718 0.03183054
-0.00952045 0.99928570 0.03657130
-0.03150217 -0.03685454 0.99882399
0.05431009
89
0.112342
0.438881
-2.05646
0.99949100 0.00942771 0.03047731
-0.01027455 0.99956210 0.02774973
-0.03020235 -0.02804874 0.99915018
0.03624524
90
0.112209
0.439738
-2.05645
0.99949615 0.00999835 0.03012432
-0.01070575 0.99966854 0.02341367
-0.02988023 -0.02372437 0.99927190
0.05557286
91
0.113665
0.440647
 -2.0565
0.99979082 0.00831723 0.01868537
-0.00869709 0.99975527 0.02034103
-0.01851162 -0.02049929 0.99961848
0.09664095
92
0.113693
0.440349
 -2.0565
0.99971592 0.00755014 0.02260675
-0.00816323 0.99959800 0.02715158
-0.02239266 -0.02732841 0.99937567
0.04471270
93
0.113785
  0.4403
-2.05652
0.99968371 0.00715589 0.02410978
-0.00785041 0.99955332 0.02883646
-0.02389266 -0.02901661 0.99929334
0.03534231
94
0.113399
0.437231
-2.05651
0.99952986 0.01107190 0.02859145
-0.01252836 0.99860602 0.05127437
-0.02798389 -0.05160847 0.99827525
0.14062044
95
0.113023
 0.43424
-2.05647
0.99943936 0.01299341 0.03085657
-0.01490007 0.99794077 0.06238762
-0.02998240 -0.06281241 0.99757489
0.21056558
96
0.112374
 0.43282
-2.05638
0.99935638 0.01219212 0.03373699
-0.01410381 0.99827345 0.05701936
-0.03298356 -0.05745848 0.99780289
0.17778101
97
0.111943
0.433807
-2.05638
0.99932510 0.01397909 0.03396956
-0.01524299 0.99919019 0.03723721
-0.03342151 -0.03772987 0.99872892
0.05882157
98
0.111559
0.434849
-2.05637
0.99931996 0.01478243 0.03378026
-0.01569093 0.99951795 0.02678935
-0.03336796 -0.02730118 0.99907018
0.05495465
99
0.111196
0.435616
-2.05641
0.99934628 0.01302677 0.03372418
-0.01382170 0.99962954 0.02344663
-0.03340625 -0.02389743 0.99915611
0.07124332
100
0.110784
0.436227
-2.05645
0.99934487 0.01207230 0.03411875
-0.01285582 0.99965650 0.02283897
-0.03383131 -0.02326263 0.99915679
0.07549623
101
0.110016
0.435861
-2.05665
0.99923641 0.01254683 0.03700226
-0.01365490 0.99946121 0.02984673
-0.03660784 -0.03032920 0.99886936
0.08948503
102
0.110108
0.437014
-2.05666
0.99941515 0.01208419 0.03198962
-0.01277309 0.99968898 0.02141924
-0.03172084 -0.02181532 0.99925867
0.07328974
103
 0.11026
0.437962
-2.05669
0.99950852 0.01184179 0.02902564
-0.01238538 0.99974991 0.01862028
-0.02879789 -0.01897062 0.99940522
0.08481787
104
0.110395
0.440299
-2.05662
0.99954845 0.01200086 0.02754766
-0.01218476 0.99990452 0.00651751
-0.02746682 -0.00685023 0.99959924
0.16346781
105
0.110594
0.442744
-2.05655
0.99958247 0.01201605 0.02627728
-0.01200092 0.99992772 -0.00073334
-0.02628419 0.00041769 0.99965442
0.20874725
106
0.110861
0.443633
-2.05655
0.99958841 0.01351085 0.02530733
-0.01370651 0.99987737 0.00757412
-0.02520189 -0.00791787 0.99965103
0.15427757
107
0.111834
0.446369
-2.05647
0.99971226 0.01462406 0.01901398
-0.01456459 0.99988861 -0.00326264
-0.01905958 0.00298477 0.99981389
0.22980186
108
0.112699
0.448825
 -2.0564
0.99974621 0.01524847 0.01658282
-0.01513743 0.99986229 -0.00680116
-0.01668425 0.00654842 0.99983936
0.25380232
109
0.113001
0.449444
 -2.0564
0.99967652 0.01609797 0.01969059
-0.01621643 0.99985127 0.00587128
-0.01959315 -0.00618869 0.99978888
0.16121695
110
0.113323
0.450221
-2.05641
0.99964449 0.01638099 0.02103692
-0.01661073 0.99980378 0.01079294
-0.02085599 -0.01113854 0.99972044
0.12725313
111
0.112998
0.449532
-2.05637
0.99958800 0.01020346 0.02682766
-0.01088603 0.99961756 0.02542118
-0.02655802 -0.02570276 0.99931679
0.03914468
112
0.112658
0.448773
-2.05632
0.99952817 0.00719627 0.02986046
-0.00819397 0.99940763 0.03342538
-0.02960223 -0.03365429 0.99899504
0.04965222
113
0.112308
 0.44824
-2.05636
0.99947522 0.00724000 0.03157310
-0.00836762 0.99932644 0.03573013
-0.03129315 -0.03597557 0.99886260
0.06320127
114
0.111709
0.449218
-2.05638
0.99936480 0.00846552 0.03461703
-0.00930185 0.99966699 0.02407050
-0.03440173 -0.02437721 0.99911074
0.06921392
115
0.111149
0.450213
 -2.0564
0.99931428 0.00904911 0.03590387
-0.00969786 0.99979210 0.01793632
-0.03573409 -0.01827221 0.99919428
0.09867710
116
0.111327
0.450915
-2.05644
0.99947702 0.01056309 0.03056327
-0.01109964 0.99978631 0.01743949
-0.03037252 -0.01776961 0.99938068
0.08780981
117
0.111232
0.450795
-2.05648
0.99952831 0.00723136 0.02984736
-0.00796050 0.99967100 0.02438289
-0.02966122 -0.02460899 0.99925703
0.04531177
118
0.111292
0.452465
 -2.0564
0.99953036 0.01081755 0.02867141
-0.01115731 0.99986911 0.01171672
-0.02854091 -0.01203111 0.99952022
0.11939867
119
0.111312
0.454055
-2.05633
0.99951719 0.01259809 0.02840188
-0.01276912 0.99990137 0.00584850
-0.02832539 -0.00620835 0.99957948
0.15459730
120
0.111355
0.452669
-2.05635
0.99960024 0.00717132 0.02734818
-0.00798717 0.99952277 0.02984018
-0.02712114 -0.03004668 0.99918048
0.02773198
121
0.111553
0.451805
-2.05637
0.99962647 0.00955455 0.02560517
-0.01049852 0.99926052 0.03698913
-0.02523282 -0.03724413 0.99898758
0.06965128
122
 0.11186
0.450929
-2.05638
0.99966139 0.01070269 0.02371812
-0.01166499 0.99909872 0.04081278
-0.02325994 -0.04107563 0.99888526
0.09283985
123
0.111688
0.449625
-2.05638
0.99949522 0.01571313 0.02761175
-0.01699775 0.99875389 0.04692266
-0.02684004 -0.04736831 0.99851683
0.12279077
124
0.110708
0.449731
-2.05633
0.99925277 0.01202438 0.03673305
-0.01338703 0.99922271 0.03707792
-0.03625866 -0.03754196 0.99863703
0.08500873
125
0.109741
0.449758
-2.05627
0.99909349 0.01023343 0.04132170
-0.01159696 0.99939155 0.03289428
-0.04095993 -0.03334366 0.99860427
0.09708928
126
0.109693
0.448512
-2.05633
0.99932884 0.01036954 0.03513324
-0.01187332 0.99901021 0.04286762
-0.03465394 -0.04325600 0.99846283
0.10699961
127
0.109388
0.449139
-2.05627
0.99937132 0.00822608 0.03448620
-0.00925843 0.99951052 0.02988307
-0.03422350 -0.03018358 0.99895831
0.05768090
128
0.109149
0.449719
-2.05621
0.99941165 0.00701021 0.03357397
-0.00780992 0.99968748 0.02374774
-0.03339700 -0.02399598 0.99915406
0.06217788
129
 0.10912
0.449713
 -2.0562
0.99943595 0.01209115 0.03133040
-0.01291242 0.99957477 0.02614494
-0.03100096 -0.02653474 0.99916708
0.03650076
130
0.108452
0.447578
-2.05639
0.99931248 0.00874054 0.03603003
-0.01050106 0.99874522 0.04896649
-0.03555682 -0.04931117 0.99815035
0.14732740
131
0.107869
0.445565
 -2.0566
0.99926739 0.00698867 0.03762758
-0.00922127 0.99818622 0.05949154
-0.03714356 -0.05979493 0.99751938
0.21019901
132
0.107959
0.445946
-2.05662
0.99946027 0.00707688 0.03207925
-0.00838225 0.99913455 0.04074167
-0.03176316 -0.04098858 0.99865461
0.08535694
133
0.108388
0.444947
-2.05671
0.99962849 0.00887253 0.02577127
-0.01003117 0.99892836 0.04518295
-0.02534276 -0.04542468 0.99864625
0.11220975
134
0.108781
0.444015
-2.05681
0.99968976 0.00975017 0.02291984
-0.01081693 0.99884152 0.04688931
-0.02243611 -0.04712268 0.99863711
0.12527549
135
0.108758
 0.44412
-2.05679
0.99960869 0.01077633 0.02581343
-0.01173647 0.99923380 0.03733721
-0.02539129 -0.03762556 0.99896927
0.05759469
136
0.108601
0.444059
-2.05679
0.99951717 0.01237234 0.02850190
-0.01334812 0.99932232 0.03430354
-0.02805817 -0.03466743 0.99900496
0.03964552
137
 0.10844
0.444119
 -2.0568
0.99946589 0.01316788 0.02990881
-0.01411097 0.99940278 0.03154307
-0.02947559 -0.03194827 0.99905480
0.03202335
138
0.108307
0.445183
-2.05677
0.99943249 0.01451674 0.03039691
-0.01511723 0.99969323 0.01961931
-0.03010277 -0.02006769 0.99934534
0.07235836
139
0.108363
0.445323
-2.05678
0.99947986 0.01456450 0.02877289
-0.01523307 0.99961582 0.02315536
-0.02842459 -0.02358161 0.99931774
0.05054633
140
0.108363
0.445221
-2.05679
0.99948496 0.01467873 0.02853684
-0.01546271 0.99950361 0.02744873
-0.02811977 -0.02787585 0.99921580
0.03136447
141
0.108461
0.446147
-2.05674
0.99955038 0.01267165 0.02717493
-0.01318273 0.99973802 0.01871110
-0.02693071 -0.01906092 0.99945556
0.07700268
142
 0.10858
0.445568
-2.05678
0.99958473 0.01249355 0.02596691
-0.01327258 0.99946032 0.03004826
-0.02557749 -0.03038043 0.99921110
0.03295942
143
 0.10865
0.444849
-2.05681
0.99958853 0.01240593 0.02586245
-0.01336672 0.99921417 0.03731444
-0.02537921 -0.03764478 0.99896885
0.06312615
144
0.108547
0.444731
-2.05684
0.99951725 0.01281005 0.02830498
-0.01379474 0.99929659 0.03487175
-0.02783836 -0.03524538 0.99899089
0.04279858
145
0.108365
0.443317
-2.05678
0.99946956 0.01248902 0.03007697
-0.01390777 0.99877760 0.04743296
-0.02944781 -0.04782610 0.99842150
0.12616593
146
  0.1082
0.441946
-2.05672
0.99944944 0.01230857 0.03081110
-0.01394457 0.99847269 0.05345870
-0.03010604 -0.05385892 0.99809461
0.16368330
147
0.108423
0.441586
-2.05674
0.99951913 0.01458677 0.02736308
-0.01583698 0.99881388 0.04604375
-0.02665900 -0.04645496 0.99856459
0.10535613
148
0.108239
0.442784
 -2.0567
0.99947549 0.01248308 0.02988178
-0.01322942 0.99960214 0.02491054
-0.02955894 -0.02529279 0.99924299
0.04358117
149
0.108502
0.442504
-2.05673
0.99961837 0.00980407 0.02582619
-0.01059267 0.99947627 0.03057740
-0.02551289 -0.03083930 0.99919869
0.02588775
150
0.108738
0.442242
-2.05677
0.99967371 0.00856363 0.02406530
-0.00936187 0.99940304 0.03325527
-0.02376615 -0.03346971 0.99915712
0.03851847
151
0.108446
0.442108
-2.05679
0.99952505 0.00862762 0.02958435
-0.00960859 0.99940326 0.03317838
-0.02928044 -0.03344688 0.99901149
0.03627804
152
0.108608
0.441472
-2.05678
0.99954684 0.01252728 0.02737129
-0.01358594 0.99915306 0.03884039
-0.02686155 -0.03919465 0.99887048
0.06690447
153
0.108804
0.441012
-2.05678
0.99956220 0.01438824 0.02585322
-0.01540935 0.99909118 0.03974127
-0.02525791 -0.04012225 0.99887549
0.07298691
154
0.108819
0.440999
-2.05681
0.99958959 0.01048657 0.02665876
-0.01141848 0.99932037 0.03504867
-0.02627310 -0.03533869 0.99902998
0.04465666
155
0.108199
 0.44033
-2.05688
0.99934834 0.01011656 0.03464904
-0.01151958 0.99911171 0.04053510
-0.03420819 -0.04090783 0.99857716
0.08814807
156
0.107525
0.439611
-2.05694
0.99917578 0.00994707 0.03935494
-0.01167734 0.99896404 0.04398290
-0.03887667 -0.04440621 0.99825683
0.12099846
157
 0.10741
 0.44056
-2.05691
0.99926637 0.01375625 0.03574191
-0.01468848 0.99955528 0.02595178
-0.03536902 -0.02645773 0.99902403
0.06024274
158
0.107422
0.443005
-2.05687
0.99941669 0.01427985 0.03102208
-0.01423662 0.99989735 -0.00161395
-0.03104194 0.00117136 0.99951740
0.22940297
159
0.107434
0.445419
-2.05683
0.99948424 0.01449266 0.02865696
-0.01405549 0.99978264 -0.01539839
-0.02887389 0.01498766 0.99947069
0.30894044
160
0.107942
0.445056
-2.05682
0.99957895 0.01818799 0.02260814
-0.01844862 0.99976512 0.01137340
-0.02239597 -0.01178570 0.99967971
0.13141965
161
0.108152
0.445986
-2.05684
0.99958132 0.01724210 0.02323544
-0.01746619 0.99980255 0.00947610
-0.02306747 -0.00987797 0.99968511
0.14498719
162
  0.1079
0.445908
-2.05683
0.99944157 0.01682011 0.02887259
-0.01741351 0.99963972 0.02042545
-0.02851862 -0.02091682 0.99937439
0.06537522
163
0.107641
0.445657
-2.05683
0.99935407 0.01666885 0.03183698
-0.01756367 0.99945258 0.02803658
-0.03135222 -0.02857765 0.99909977
0.03634881
164
0.107628
0.446145
-2.05677
0.99942010 0.01555596 0.03028989
-0.01624361 0.99961284 0.02259012
-0.02992675 -0.02306904 0.99928585
0.05269918
165
0.107615
0.446628
-2.05672
0.99945173 0.01499631 0.02951859
-0.01558648 0.99968115 0.01986586
-0.02921127 -0.02031506 0.99936680
0.06718581
166
0.107368
0.445717
-2.05674
0.99943875 0.01041080 0.03184007
-0.01154994 0.99929205 0.03580490
-0.03144477 -0.03615256 0.99885145
0.06223901
167
0.107751
0.446775
-2.05669
0.99958381 0.01369946 0.02538771
-0.01419117 0.99971321 0.01929031
-0.02511617 -0.01964256 0.99949154
0.07522607
168
0.107906
0.446768
-2.05669
0.99958808 0.01424788 0.02491303
-0.01485686 0.99959108 0.02443243
-0.02455473 -0.02479249 0.99939101
0.06494807
169
0.108018
0.446736
-2.05669
0.99957674 0.01454101 0.02519704
-0.01522897 0.99951046 0.02732973
-0.02478730 -0.02770188 0.99930886
0.05699308
170
0.108241
0.447046
-2.05666
0.99959561 0.01483397 0.02426042
-0.01542571 0.99958354 0.02438844
-0.02388854 -0.02475281 0.99940814
0.06702689
171
0.108461
0.447353
-2.05664
0.99960471 0.01497942 0.02379178
-0.01552507 0.99961680 0.02291778
-0.02343937 -0.02327809 0.99945421
0.07342499
172
0.107754
0.447398
-2.05665
0.99932289 0.01022618 0.03534373
-0.01114805 0.99960017 0.02598501
-0.03506387 -0.02636143 0.99903734
0.06963938
173
0.107892
0.447465
-2.05665
0.99945766 0.01347963 0.03004484
-0.01428818 0.99953706 0.02686115
-0.02966885 -0.02727587 0.99918756
0.03150695
174
0.107804
0.447277
-2.05662
0.99949548 0.00997157 0.03015551
-0.01088626 0.99948090 0.03032203
-0.02983750 -0.03063501 0.99908519
0.03822846
175
0.107749
0.447073
 -2.0566
0.99952247 0.00823974 0.02978143
-0.00920124 0.99943607 0.03229370
-0.02949855 -0.03255230 0.99903463
0.04255230
176
0.108053
0.448647
-2.05658
0.99965590 0.00750788 0.02513372
-0.00775889 0.99992085 0.00990432
-0.02505737 -0.01009592 0.99963503
0.13579071
177
0.108304
 0.44859
-2.05653
0.99964613 0.01213924 0.02366949
-0.01262205 0.99971311 0.02035626
-0.02341558 -0.02064782 0.99951257
0.07565833
178
0.108471
0.448601
-2.05648
0.99960690 0.01447555 0.02401031
-0.01506727 0.99958261 0.02464928
-0.02364347 -0.02500136 0.99940778
0.05394655
179
0.108366
 0.44869
-2.05646
0.99951757 0.01410575 0.02767065
-0.01482680 0.99955124 0.02602856
-0.02729108 -0.02642627 0.99927816
0.04452487
180
0.108127
0.448907
-2.05643
0.99944597 0.01160832 0.03119284
-0.01238349 0.99961638 0.02477382
-0.03089329 -0.02514637 0.99920632
0.04194509
181
0.107876
0.449149
 -2.0564
0.99939710 0.01030400 0.03315510
-0.01109507 0.99965601 0.02376484
-0.03289883 -0.02411837 0.99916764
0.05341178
182
0.108058
0.449394
-2.05634
0.99948905 0.01449777 0.02848604
-0.01515432 0.99962131 0.02296913
-0.02814226 -0.02338908 0.99933026
0.05014670
183
0.107875
0.449109
 -2.0563
0.99946215 0.01153291 0.03069849
-0.01244751 0.99947926 0.02977033
-0.03033917 -0.03013644 0.99908525
0.03906831
184
0.107721
0.448858
-2.05627
0.99945588 0.01000961 0.03142856
-0.01103770 0.99940392 0.03271053
-0.03108240 -0.03303963 0.99897060
0.04766455
185
0.107943
 0.44864
-2.05626
0.99952559 0.01516557 0.02680689
-0.01606741 0.99930103 0.03375346
-0.02627626 -0.03416816 0.99907062
0.05539906
186
0.107748
0.447304
-2.05626
0.99949563 0.01032746 0.03003033
-0.01183140 0.99866194 0.05034221
-0.02947024 -0.05067212 0.99828044
0.14730825
187
 0.10745
0.445946
-2.05626
0.99942101 0.00799452 0.03307157
-0.00994115 0.99820127 0.05912193
-0.03253943 -0.05941647 0.99770280
0.20414299
188
0.107972
0.446182
-2.05628
0.99965828 0.01111360 0.02366020
-0.01207278 0.99909477 0.04079084
-0.02318545 -0.04106254 0.99888753
0.08983871
189
0.107927
0.446267
-2.05624
0.99951454 0.01591675 0.02678338
-0.01682631 0.99927731 0.03408430
-0.02622151 -0.03451842 0.99906001
0.05438925
190
0.107883
0.446351
 -2.0562
0.99943055 0.01832583 0.02833276
-0.01919525 0.99934355 0.03072491
-0.02775110 -0.03125127 0.99912624
0.04545527
191
 0.10776
0.443697
-2.05619
0.99949054 0.01298673 0.02915491
-0.01495764 0.99754348 0.06843441
-0.02819455 -0.06883563 0.99722952
0.27100813
192
0.107934
0.443323
-2.05621
0.99957226 0.01255685 0.02641263
-0.01398310 0.99841443 0.05452619
-0.02568607 -0.05487219 0.99816295
0.16647778
193
0.108079
0.442957
-2.05623
0.99960070 0.01230647 0.02543620
-0.01350558 0.99877896 0.04752034
-0.02482034 -0.04784489 0.99854635
0.12180784
194
0.108179
0.443235
-2.05625
0.99954398 0.01605911 0.02557206
-0.01693994 0.99925735 0.03460918
-0.02499728 -0.03502659 0.99907371
0.04613973
195
0.108035
0.444098
-2.05624
0.99946338 0.01507226 0.02908237
-0.01564931 0.99968311 0.01971728
-0.02877597 -0.02016182 0.99938253
0.07899021
196
0.107893
0.444952
-2.05624
0.99941763 0.01459844 0.03084279
-0.01498291 0.99981245 0.01227122
-0.03065787 -0.01272618 0.99944892
0.12423757
197
0.108042
0.443283
-2.05626
0.99951847 0.01445857 0.02745485
-0.01570327 0.99883289 0.04567555
-0.02676241 -0.04608469 0.99857898
0.11341957
198
 0.10801
0.444279
-2.05625
0.99950261 0.01347083 0.02851430
-0.01412978 0.99963479 0.02303540
-0.02819358 -0.02342684 0.99932793
0.05418600
199
0.108104
0.444582
-2.05626
0.99957879 0.01107679 0.02682451
-0.01165607 0.99970013 0.02153580
-0.02657792 -0.02183939 0.99940815
0.06277172
200
0.108195
0.444872
-2.05628
0.99961194 0.00996339 0.02601331
-0.01050929 0.99972563 0.02093380
-0.02579760 -0.02119906 0.99944239
0.06671453
201
0.108506
0.444791
 -2.0563
0.99969361 0.01004198 0.02262383
-0.01064322 0.99958913 0.02661391
-0.02234728 -0.02684654 0.99938974
0.05143318
202
0.108848
 0.44436
 -2.0563
0.99973774 0.01090134 0.02013993
-0.01159354 0.99933475 0.03457819
-0.01974959 -0.03480261 0.99919905
0.07342681
203
0.109187
0.443933
-2.05629
0.99975708 0.01133843 0.01890052
-0.01206092 0.99918348 0.03856042
-0.01844787 -0.03877901 0.99907751
0.09328775
204
0.108511
0.443495
-2.05624
0.99939085 0.00805528 0.03395636
-0.00943139 0.99913248 0.04056270
-0.03360016 -0.04085825 0.99859984
0.09517872
205
0.108488
0.443692
-2.05623
0.99953010 0.00084045 0.03064112
-0.00181606 0.99949178 0.03182579
-0.03059880 -0.03186648 0.99902364
0.05882928
206
0.108465
0.443887
-2.05621
0.99957535 -0.00277811 0.02900709
0.00198174 0.99962130 0.02744695
-0.02907235 -0.02737781 0.99920231
0.05302199
207
0.109058
0.444767
-2.05617
0.99980317 0.00346517 0.01953481
-0.00375012 0.99988683 0.01456939
-0.01948211 -0.01463978 0.99970302
0.11990275
208
0.109065
0.444564
-2.05622
0.99968545 0.00770676 0.02386654
-0.00831103 0.99964475 0.02532392
-0.02366289 -0.02551431 0.99939436
0.05635883
209
0.109071
0.444363
-2.05627
0.99961253 0.00980977 0.02604928
-0.01060823 0.99947257 0.03069270
-0.02573445 -0.03095714 0.99918937
0.04119698
210
0.108973
0.443919
-2.05627
0.99955421 0.00832191 0.02867261
-0.00938651 0.99926387 0.03719702
-0.02834195 -0.03744958 0.99889652
0.05608699
211
0.108858
0.444843
-2.05625
0.99949136 0.00989355 0.03031717
-0.01046781 0.99976768 0.01884177
-0.03012372 -0.01914955 0.99936273
0.08018552
212
0.108744
0.445759
-2.05623
0.99945822 0.01069059 0.03112853
-0.01099613 0.99989287 0.00966073
-0.03102192 -0.00999779 0.99946870
0.13711449
213
0.108771
0.445631
 -2.0563
0.99955549 0.00781518 0.02877054
-0.00843656 0.99973239 0.02154002
-0.02859450 -0.02177317 0.99935393
0.07682367
214
0.109686
0.445606
-2.05631
0.99988335 0.00676577 0.01369357
-0.00711478 0.99964693 0.02560079
-0.01351553 -0.02569523 0.99957845
0.11230196
215
0.110593
0.445582
-2.05633
0.99996146 0.00626328 0.00615215
-0.00643095 0.99959771 0.02762344
-0.00597666 -0.02766194 0.99959947
0.15428114
216
0.110768
0.446021
-2.05637
0.99984478 0.01037631 0.01423916
-0.01068015 0.99971328 0.02143126
-0.01401270 -0.02158001 0.99966892
0.11443809
217
0.110738
0.445965
-2.05637
0.99965296 0.01504553 0.02162381
-0.01561631 0.99952752 0.02647382
-0.02121528 -0.02680232 0.99941560
0.06433755
218
0.110707
 0.44591
-2.05636
0.99952844 0.01736550 0.02532452
-0.01809783 0.99941611 0.02898113
-0.02480646 -0.02942578 0.99925911
0.04755775
219
0.110482
0.444321
-2.05633
0.99945835 0.01313406 0.03017454
-0.01479701 0.99834538 0.05556575
-0.02939481 -0.05598214 0.99799897
0.17676435
220
0.110762
0.443756
-2.05635
0.99962423 0.01235566 0.02446899
-0.01362409 0.99853488 0.05236870
-0.02378609 -0.05268239 0.99832800
0.14906315
221
0.111039
0.443197
-2.05636
0.99969480 0.01195939 0.02161685
-0.01304436 0.99862531 0.05076746
-0.02097999 -0.05103395 0.99847653
0.14251380
222
0.111112
0.443537
-2.05634
0.99964678 0.01268510 0.02335398
-0.01348487 0.99931673 0.03441257
-0.02290150 -0.03471534 0.99913481
0.06738386
223
0.111135
0.443524
-2.05637
0.99956838 0.01522935 0.02512223
-0.01604029 0.99934625 0.03240042
-0.02461237 -0.03278940 0.99915919
0.03394909
224
0.111157
0.443511
 -2.0564
0.99952560 0.01650271 0.02600441
-0.01731666 0.99935711 0.03139260
-0.02546963 -0.03182802 0.99916879
0.02874626
225
0.111336
0.443509
-2.05642
0.99955726 0.01736511 0.02416081
-0.01810813 0.99935900 0.03088171
-0.02360906 -0.03130554 0.99923099
0.03812711
226
0.111493
0.443174
-2.05643
0.99957484 0.01737193 0.02341701
-0.01821044 0.99918284 0.03608369
-0.02277103 -0.03649478 0.99907438
0.06204892
227
0.111648
0.442841
-2.05643
0.99958340 0.01737678 0.02304512
-0.01825997 0.99908463 0.03868435
-0.02235181 -0.03908903 0.99898571
0.07523630
228
0.112028
0.443482
-2.05645
0.99972534 0.01369468 0.01901826
-0.01414055 0.99962357 0.02351101
-0.01868913 -0.02377348 0.99954266
0.08256855
229
0.112105
0.443431
-2.05643
0.99967795 0.01245662 0.02210962
-0.01306102 0.99953906 0.02740572
-0.02175805 -0.02768567 0.99937985
0.05224200
230
0.112181
0.443379
-2.05642
0.99965019 0.01183306 0.02365340
-0.01252574 0.99949059 0.02935417
-0.02329401 -0.02964018 0.99928917
0.04298838
231
0.112591
0.443414
-2.05644
0.99971762 0.01446349 0.01885429
-0.01500660 0.99946706 0.02898957
-0.01842495 -0.02926433 0.99940188
0.07098218
232
0.112099
0.441851
-2.05645
0.99943131 0.01032613 0.03210013
-0.01216075 0.99827181 0.05749362
-0.03145097 -0.05785128 0.99782968
0.18207223
233
0.111611
0.440301
-2.05646
0.99921887 0.00811573 0.03867546
-0.01087753 0.99736384 0.07174296
-0.03799126 -0.07210761 0.99667304
0.27859778
234
0.111725
0.440426
-2.05648
0.99948038 0.00870549 0.03103525
-0.01021452 0.99875629 0.04880107
-0.03057182 -0.04909272 0.99832623
0.12899341
235
0.111775
0.440819
-2.05646
0.99955108 0.00945667 0.02842899
-0.01038240 0.99941476 0.03259346
-0.02810413 -0.03287399 0.99906429
0.03418446
236
0.111824
0.441209
-2.05645
0.99958395 0.00981637 0.02712131
-0.01048135 0.99964522 0.02448635
-0.02687132 -0.02476043 0.99933220
0.04820749
237
0.111385
0.441247
-2.05647
0.99932320 0.01117109 0.03504782
-0.01211035 0.99957006 0.02670254
-0.03473445 -0.02710890 0.99902884
0.06549441
238
0.111243
 0.44267
-2.05643
0.99938140 0.00967109 0.03381267
-0.00977858 0.99994764 0.00301516
-0.03378174 -0.00334393 0.99942364
0.18765625
239
0.111103
0.444082
 -2.0564
0.99940873 0.00891016 0.03320850
-0.00862132 0.99992384 -0.00883107
-0.03328466 0.00853955 0.99940943
0.26180417
240
0.111273
0.444573
 -2.0564
0.99958762 0.00818479 0.02752456
-0.00823297 0.99996477 0.00163759
-0.02751019 -0.00186352 0.99961979
0.18886567
241
0.110904
0.444386
-2.05637
0.99938523 0.00774235 0.03419378
-0.00838518 0.99979005 0.01869634
-0.03404185 -0.01897156 0.99924033
0.09354867
242
0.110586
0.444217
-2.05635
0.99929988 0.00742620 0.03666870
-0.00841536 0.99960283 0.02689535
-0.03645440 -0.02718510 0.99896549
0.07637019
243
0.110357
0.443258
-2.05631
0.99928204 0.01023523 0.03647811
-0.01190681 0.99887482 0.04590555
-0.03596721 -0.04630693 0.99827953
0.12689281
244
0.110393
0.443605
-2.05634
0.99942864 0.01201192 0.03159278
-0.01300419 0.99942253 0.03139250
-0.03119745 -0.03178541 0.99900771
0.04132023
245
0.110428
0.443949
-2.05636
0.99949243 0.01287356 0.02914028
-0.01357883 0.99961648 0.02413536
-0.02881840 -0.02451880 0.99928391
0.04811609
246
0.110255
0.443811
-2.05634
0.99939764 0.01370976 0.03188102
-0.01465266 0.99945642 0.02953227
-0.03145881 -0.02998163 0.99905528
0.04060453
247
0.110126
0.443158
-2.05632
0.99941274 0.01223402 0.03200782
-0.01356558 0.99903724 0.04172022
-0.03146659 -0.04212992 0.99861650
0.09196356
248
0.110524
0.444478
 -2.0563
0.99964638 0.01371450 0.02278233
-0.01397322 0.99983924 0.01123621
-0.02262457 -0.01155058 0.99967730
0.13596195
249
0.110917
0.445826
-2.05627
0.99973080 0.01439942 0.01819320
-0.01431552 0.99988632 -0.00473380
-0.01825930 0.00447208 0.99982328
0.24152667
250
0.110575
0.445871
-2.05627
0.99949099 0.01256740 0.02932263
-0.01290861 0.99985082 0.01147630
-0.02917402 -0.01184897 0.99950412
0.12313673
251
0.110334
0.445304
-2.05633
0.99937815 0.01252836 0.03296000
-0.01355799 0.99942111 0.03120288
-0.03255000 -0.03163035 0.99896948
0.07086547
252
 0.11014
0.444823
 -2.0564
0.99934606 0.01248210 0.03393593
-0.01382028 0.99912445 0.03948833
-0.03341332 -0.03993151 0.99864359
0.09849659
253
0.110565
0.445778
-2.05644
0.99968177 0.01112141 0.02264237
-0.01149775 0.99979677 0.01655945
-0.02245360 -0.01681451 0.99960648
0.11115179
254
0.110541
0.445969
-2.05642
0.99958876 0.01286773 0.02562695
-0.01336438 0.99972434 0.01930405
-0.02537148 -0.01963860 0.99948517
0.08037207
255
0.110499
0.446114
-2.05639
0.99952890 0.01368123 0.02747365
-0.01427437 0.99966671 0.02151056
-0.02717020 -0.02189259 0.99939106
0.06810197
256
0.110524
0.446207
-2.05639
0.99947116 0.01762425 0.02732753
-0.01827106 0.99955444 0.02360289
-0.02689938 -0.02408971 0.99934784
0.04588896
257
0.110364
0.445483
-2.05638
0.99941952 0.01467631 0.03074467
-0.01592299 0.99904432 0.04070519
-0.03011788 -0.04117111 0.99869808
0.07819279
258
0.110224
0.444716
-2.05637
0.99939956 0.01309609 0.03207819
-0.01469654 0.99863228 0.05017559
-0.03137721 -0.05061690 0.99822513
0.13879308
259
0.110176
 0.44495
-2.05636
0.99942932 0.01313672 0.03112000
-0.01423791 0.99927067 0.03543179
-0.03063185 -0.03585465 0.99888745
0.05473585
260
0.110131
 0.44446
-2.05633
0.99940335 0.01624140 0.03048226
-0.01751721 0.99896132 0.04206462
-0.02976741 -0.04257349 0.99864979
0.09265278
261
0.110087
0.443974
 -2.0563
0.99938633 0.01779527 0.03017111
-0.01915462 0.99878609 0.04538113
-0.02932692 -0.04593120 0.99851402
0.11192963
262
 0.11031
0.445237
-2.05623
0.99960265 0.01376026 0.02460095
-0.01407777 0.99981922 0.01278032
-0.02442064 -0.01312157 0.99961565
0.12195314
263
0.110492
0.446435
-2.05618
0.99967516 0.01172746 0.02262821
-0.01167452 0.99992880 -0.00247023
-0.02265557 0.00220526 0.99974090
0.21886736
264
0.110356
0.446349
-2.05618
0.99950655 0.01365566 0.02828749
-0.01408377 0.99978844 0.01499067
-0.02807680 -0.01538167 0.99948742
0.10263934
265
0.110568
0.446539
-2.05621
0.99960087 0.01489985 0.02400185
-0.01533961 0.99971590 0.01824320
-0.02372321 -0.01860409 0.99954545
0.08336918
266
0.110778
0.446727
-2.05625
0.99964045 0.01552711 0.02186038
-0.01596220 0.99967512 0.01987140
-0.02154473 -0.02021319 0.99956353
0.08033394
267
0.110801
0.445337
-2.05626
0.99961652 0.01380941 0.02400233
-0.01506287 0.99848879 0.05285112
-0.02323622 -0.05319240 0.99831390
0.16059370
268
 0.11084
0.443977
-2.05627
0.99961168 0.01282436 0.02473898
-0.01450359 0.99751549 0.06893838
-0.02379343 -0.06927042 0.99731413
0.26138389
269
0.110815
0.444175
-2.05628
0.99960197 0.00953667 0.02655100
-0.01073003 0.99892157 0.04517254
-0.02609157 -0.04543945 0.99862630
0.10783323
270
 0.11059
0.443815
-2.05627
0.99947570 0.00635127 0.03174880
-0.00776615 0.99897287 0.04464188
-0.03143266 -0.04486504 0.99849843
0.10705231
271
0.110352
0.443461
-2.05626
0.99938889 0.00474662 0.03463112
-0.00628047 0.99899776 0.04431749
-0.03438605 -0.04450791 0.99841707
0.11092580
272
 0.11036
0.442391
-2.05627
0.99949360 0.00793003 0.03081640
-0.00973887 0.99821061 0.05899775
-0.03029341 -0.05926799 0.99778235
0.19674566
273
0.110401
0.441327
-2.05627
0.99955420 0.00959561 0.02827246
-0.01145571 0.99772852 0.06638202
-0.02757127 -0.06667631 0.99739365
0.24261778
274
 0.10969
 0.44072
-2.05624
0.99903468 0.01122548 0.04246994
-0.01380621 0.99804416 0.06096921
-0.04170247 -0.06149670 0.99723571
0.23242466
275
0.109499
 0.44074
-2.05625
0.99917465 0.01049055 0.03924253
-0.01227268 0.99889115 0.04545161
-0.03872221 -0.04589571 0.99819546
0.12487902
276
0.109361
0.440773
-2.05627
0.99928037 0.00992941 0.03660796
-0.01130019 0.99923536 0.03743006
-0.03620831 -0.03781681 0.99862848
0.07570124
277
0.109352
 0.44026
-2.05627
0.99937667 0.01340518 0.03265855
-0.01485201 0.99890033 0.04446963
-0.03202651 -0.04492696 0.99847678
0.10374053
278
0.109318
0.439723
-2.05626
0.99939587 0.01517167 0.03126832
-0.01668046 0.99868045 0.04857079
-0.03049016 -0.04906302 0.99833019
0.12662723
279
0.109353
0.439795
 -2.0563
0.99950398 0.01272212 0.02880884
